%YAML:1.0

###### Camera Calibration File For Cam 0 of ZR300 Datasets ######
image_width: 640
image_height: 480
camera_name: cam0
camera_matrix:
  rows: 3
  cols: 3
  data: [605.287, 0.0, 320.0, 0.0, 605.172, 240.0, 0.0, 0.0, 1.0]
distortion_model: plumb_bob
distortion_coefficients:
  rows: 1
  cols: 5
  data:  [0.0, 0.0, 0.0, 0.0, 0.0]
#  data:  [0.833651, -3.00024, 1.6676, 0.000740955, 0.00003]


